Some((
    red: 0.99532515,
    green: 0.5301609,
    blue: 0.36214885,
    alpha: 1.0,
))