Some((
    red: 0.43921566,
    green: 0.3372549,
    blue: 0.5058824,
))