Some((
    red: 0.8235294,
    green: 1.0,
    blue: 0.9019608,
))