Some((
    red: 0.50980395,
    green: 0.84313726,
    blue: 0.3411765,
))