Some((
    red: 0.77254903,
    green: 0.32941175,
    blue: 0.15686274,
))