Some((
    red: 0.09411765,
    green: 0.14117648,
    blue: 0.12941177,
    alpha: 1.0,
))