Some((
    red: 0.070588246,
    green: 0.06666667,
    blue: 0.13333334,
    alpha: 1.0,
))