Some((
    red: 0.5019608,
    green: 0.5019608,
    blue: 0.5019608,
))