Some((
    red: 0.20784312,
    green: 0.3490196,
    blue: 0.54509807,
))