Some((
    red: 0.13695969,
    green: 0.21249503,
    blue: 0.19361119,
    alpha: 1.0,
))