Some((
    red: 0.9019608,
    green: 0.53333336,
    blue: 0.13333333,
))